133.6851043701172
133.6621856689453
-151.88702392578125
133.9781036376953
133.7965545654297
133.72328186035156
-71.87325286865234
-156.58203125
-84.57859802246094
-156.7397918701172
133.61257934570312
133.6940155029297
133.6465606689453
133.68072509765625
133.75323486328125
-70.90086364746094
-139.73851013183594
-153.34901428222656
-156.7830810546875
-156.4043731689453
-71.3586196899414
133.66921997070312
133.70452880859375
133.7149658203125
-154.13558959960938
-155.553955078125
-140.72280883789062
-153.5215301513672
133.72401428222656
-71.63912200927734
-156.6867218017578
-155.8029327392578
-114.38562774658203
-73.11776733398438
133.6431121826172
-73.49239349365234
-141.7288818359375
-107.75732421875
-126.89341735839844
-147.996337890625
-157.5370635986328
-156.62646484375
-75.08480072021484
-153.88803100585938
133.7273406982422
-156.20989990234375
-152.1143798828125
-72.66068267822266
-72.5567626953125
-74.11320495605469
-71.32083892822266
133.655517578125
133.75132751464844
-145.8529815673828
133.719970703125
-154.63124084472656
133.66317749023438
-157.27476501464844
-154.59226989746094
-132.9344940185547
-157.21987915039062
133.6587677001953
136.19296264648438
133.6422119140625
-151.91172790527344
-72.56742095947266
-71.77904510498047
-156.83651733398438
-146.58721923828125
-81.85792541503906
133.628662109375
-154.3692626953125
-146.1787872314453
-117.715576171875
133.6413116455078
-156.66629028320312
-152.6647491455078
133.932861328125
-86.26467895507812
133.66409301757812
-155.8001251220703
-80.63815307617188
-71.05998992919922
-71.54837799072266
-71.85811614990234
-128.14784240722656
-73.81477355957031
133.7153778076172
-71.2603988647461
-155.981201171875
-156.0909423828125
133.65921020507812
-154.9375
-155.8362579345703
-152.3717803955078
-156.71690368652344
-121.14765167236328
-159.05264282226562
-156.3238525390625
-152.147216796875
-156.13499450683594
-148.32693481445312
133.6685028076172
133.86138916015625
-156.33306884765625
-156.28363037109375
-71.20439147949219
-156.35740661621094
-73.05734252929688
133.65869140625
-156.56765747070312
-156.2346954345703
-153.1442413330078
133.84939575195312
-157.7281036376953
-146.04171752929688
-153.9778289794922
-153.84942626953125
-111.69452667236328
-117.6396255493164
-158.51187133789062
-147.02618408203125
-73.78486633300781
133.76295471191406
-141.22666931152344
-156.44386291503906
133.58349609375
136.0034942626953
-150.82115173339844
-153.80758666992188
-135.9435577392578
133.6326141357422
133.97006225585938
-78.41362762451172
133.6044158935547
-71.04396057128906
-155.70404052734375
-156.7251739501953
134.05764770507812
-156.69921875
-71.40703582763672
-157.8314666748047
-151.89248657226562
-71.97750854492188
-157.39227294921875
-73.9561996459961
-75.89002227783203
133.65036010742188
133.844482421875
-156.10183715820312
-156.63926696777344
-152.8641815185547
133.6726837158203
-152.18714904785156
-157.62646484375
133.82553100585938
-153.24256896972656
134.03753662109375
-159.6451416015625
133.76856994628906
-156.49644470214844
-154.0032501220703
-153.53717041015625
133.73870849609375
-157.08285522460938
-153.65867614746094
-156.8488311767578
134.91200256347656
-137.191162109375
-157.48916625976562
133.9486083984375
-124.15669250488281
-71.44778442382812
133.6961212158203
-158.32931518554688
133.7194366455078
-71.16474151611328
-151.59231567382812
133.6925811767578
-151.1424102783203
-153.0393829345703
133.82464599609375
-154.3083038330078
-153.16680908203125
-156.71424865722656
-152.790283203125
-151.9951171875
-157.58306884765625
133.59869384765625
133.65524291992188
134.59799194335938
-156.5755615234375
133.64633178710938
-156.11367797851562
133.64532470703125
133.96731567382812
-157.85800170898438
-143.6460418701172
133.69253540039062
133.6578369140625
-73.59088134765625
-152.94187927246094
133.700439453125
-130.90744018554688
-71.32952880859375
-157.41905212402344
-71.69076538085938
-72.97814178466797
133.69534301757812
-142.41908264160156
-156.0115966796875
-152.3238067626953
-124.6968765258789
-156.70704650878906
-157.21221923828125
-153.4001007080078
-157.90599060058594
133.69155883789062
-135.5041961669922
-142.08029174804688
133.88958740234375
-156.88633728027344
-86.56267547607422
-153.0249481201172
133.80018615722656
-131.92984008789062
-74.11631774902344
-155.5723876953125
-81.42761993408203
-131.44497680664062
-156.81442260742188
-79.28338623046875
-154.62246704101562
133.59127807617188
-140.77426147460938
-153.7528076171875
-145.35763549804688
133.87252807617188
-157.56036376953125
-137.81488037109375
-71.44512939453125
133.67279052734375
133.6992950439453
-72.72138977050781
133.78732299804688
-136.5128173828125
133.69027709960938
133.78025817871094
-130.35269165039062
133.8716583251953
-158.71621704101562
-154.17837524414062
-156.14669799804688
133.83197021484375
-154.24127197265625
-73.05399322509766
-159.67506408691406
133.7184600830078
133.70655822753906
-158.37852478027344
-71.73880004882812
-99.46513366699219
-75.7088623046875
-132.19805908203125
-75.62387084960938
133.60536193847656
-152.5789031982422
-72.14263153076172
-75.8650131225586
-157.22100830078125
-80.05392456054688
-107.22801208496094
134.12728881835938
